9.151887337166443245e-03,3.913833778085844262e-02,1.162364665579322491e-02,1.184154550431833902e-01,1.053591650161904841e-01,2.186879388593340745e-01,7.226011619912479922e-02,8.105986434157060050e-02,2.766491004165703149e-01,6.765448834986907689e-02
4.917564852025896154e-03,2.943954755814249397e-02,5.439730239919986048e-03,1.339026915113362137e-01,1.334589270490297297e-01,2.840046888319465168e-01,7.217414139566125098e-02,9.082899464130023137e-02,1.984913530628887868e-01,4.734236085736841931e-02
3.726959228501407900e-02,5.599212646463015697e-02,2.481842041006157573e-02,4.132080078109236915e-02,6.373977661108497228e-02,6.165695190406166731e-02,3.577423095689478277e-02,5.228424072245679843e-02,5.508193969705550419e-01,7.632446289033384401e-02
4.125429530728804556e-02,6.378957584659132596e-02,4.544976129894593569e-02,9.938078718881983298e-02,1.136857999107963452e-01,1.295599113395900226e-01,8.827987697713841897e-02,8.855038297089543042e-02,1.928189675523645785e-01,1.372306416074060842e-01
2.715795486988198740e-02,6.101113967403021254e-02,4.450157097946585288e-02,1.249357326471011859e-01,2.115281348174148646e-01,1.789031705216857782e-01,1.003541845181356446e-01,6.888317623496781339e-02,8.439303056221425514e-02,9.833190516938970782e-02
1.239608918847613997e-02,3.822364056863607890e-02,2.542117121151277886e-02,1.250037351116574380e-01,2.015048018594858270e-01,2.513386640845818309e-01,8.059773741852885309e-02,6.474144061760113422e-02,1.439870675485355467e-01,5.678565238949031396e-02
5.781420323789503461e-04,9.181234607772143300e-03,7.682990835315239939e-04,1.151063829786769382e-01,1.342056603011287652e-01,3.272647260687442938e-01,3.795308651942430611e-02,8.687674108761481162e-02,2.736626428195431115e-01,1.440308450078146146e-02
2.394692347261665952e-02,5.745056237559453133e-02,4.253350976474225276e-02,1.290401627084157843e-01,2.321179151643502636e-01,1.925984464199527180e-01,9.422553848358067308e-02,6.683574701618003044e-02,7.528363841263395473e-02,8.596755617580700837e-02
2.561771703968264424e-02,5.920322127960951641e-02,4.259654688522605814e-02,1.287596851923082097e-01,2.188945152814416595e-01,1.941248245976808784e-01,9.756573729426168406e-02,6.807394301709429607e-02,7.640168385042765686e-02,8.876212555616641575e-02
2.259361090890679019e-02,5.457605385444797008e-02,4.191993292784888803e-02,1.314991307770506934e-01,2.337960965130395918e-01,2.005683849717005418e-01,9.801866669894078454e-02,6.375528622644312249e-02,7.091249830427143186e-02,8.236033881118547118e-02
1.256275177000755125e-02,3.565788269039567998e-02,2.180290222165889510e-02,9.335803985586799136e-02,1.635007858274807879e-01,1.803455352781483112e-01,6.635475158685077979e-02,4.315185546870884542e-02,3.323202133175541806e-01,5.094528198237328886e-02
9.128041558970149613e-03,3.472895133493913988e-02,2.324572028415951286e-02,1.077364610246159815e-01,2.088817560285823050e-01,2.798267926347174361e-01,8.464551033563251503e-02,5.459329242014362288e-02,1.456449181734978948e-01,5.156855620137688195e-02
3.998671921237675203e-03,2.644164837226090775e-02,5.945262278896560129e-03,1.151467974905251851e-01,1.211679394087676331e-01,3.030617989691832270e-01,6.495186084634116397e-02,7.251169379268554427e-02,2.433693224909681818e-01,4.340500442876386172e-02
3.292777021089320771e-02,6.964145781563353677e-02,4.865694208310211016e-02,1.289799181926660765e-01,1.410964841862488994e-01,1.593136863996679475e-01,1.115364154429025340e-01,7.696590725031288160e-02,1.034903663252169370e-01,1.273910520930015278e-01
1.575565338133263008e-02,4.767608642573577943e-02,2.221965789792802737e-02,1.147947311400272369e-01,1.554422378538556637e-01,2.258577346799603980e-01,8.602428436271092327e-02,7.135868072502959958e-02,1.817350387571509129e-01,7.913589477531515759e-02
1.098319502713649906e-02,3.915022673984380058e-02,2.072182718408663651e-02,1.126006447432280760e-01,1.656897828231373992e-01,2.297437993581200877e-01,8.297696353644518075e-02,6.403859205324527459e-02,2.159311759622794813e-01,5.816379257151352289e-02
5.374734243309608334e-02,1.300467801022990033e-01,5.019988019305440807e-02,8.443618030592126011e-02,8.221793433468972678e-02,1.020012257702174324e-01,8.544077521308776624e-02,1.256847346587728897e-01,1.251800566485375688e-01,1.610450903398911171e-01
2.265844680859543242e-02,5.423555804637783528e-02,3.782679830926718306e-02,1.432073920577183745e-01,1.120566711512118591e-01,1.987310042298254253e-01,1.239770266056874765e-01,6.497364940049764337e-02,1.442693300986800653e-01,9.806412329133114281e-02
2.464438768416572344e-03,1.804832693886343487e-02,4.845518376409687321e-03,1.047504034367384151e-01,1.898301824279107208e-01,2.931527930656012138e-01,5.963172350394965737e-02,6.612305094513017123e-02,2.333906872850917691e-01,2.776287524975096233e-02
2.762270593251793006e-03,1.897737942805125325e-02,3.999999999993171344e-03,9.832180964558545622e-02,1.481877934269770491e-01,2.804865556973444307e-01,5.617755014928522972e-02,6.726077678178871144e-02,2.899120785313019089e-01,3.391378574471376472e-02
6.743336420619233662e-02,8.031028094987766042e-02,6.447463208726363082e-02,9.672481218358644495e-02,1.520273747021711197e-01,1.156092415339661367e-01,8.386075949259209905e-02,8.625347329311705558e-02,9.986364104018906340e-02,1.534424204981804929e-01
6.405515226151606289e-02,8.213486736882921746e-02,5.524357393901242752e-02,9.369721042672582434e-02,1.540085832973336066e-01,1.132150846903025310e-01,8.239738848465510968e-02,8.679176368434927957e-02,1.114915764950978050e-01,1.569647993407642383e-01
6.814577865243552635e-03,2.628431211714551616e-02,1.679379921254103153e-02,9.662415244936356506e-02,1.616018700781878814e-01,2.811987368756794226e-01,7.125574146957275312e-02,5.098630249326407265e-02,2.483322397191863040e-01,4.010826771639836030e-02
5.958508403330049774e-02,7.509978991557195172e-02,5.977415966355160287e-02,1.037552521002954031e-01,1.660241596629935534e-01,1.249894957976628584e-01,8.512079831888066939e-02,8.193277310881337538e-02,9.957983193225010410e-02,1.441386554614278448e-01
2.549544492883783209e-02,4.156772160074279771e-02,4.027244074068329904e-02,1.335218686578001634e-01,2.578148611876763807e-01,2.068833383694201056e-01,7.956802383273839374e-02,5.958291956273701478e-02,6.849876948281324873e-02,8.679461163115369249e-02
1.167344616352526156e-02,4.133979806782254324e-02,3.006938895747577126e-02,1.504029361677328147e-01,2.282299460060348562e-01,2.418247540413459296e-01,9.424156396531245539e-02,5.381326521550435643e-02,8.351795356040435381e-02,6.488694785433722634e-02
1.320861678001539891e-02,4.519954648515827483e-02,2.463038548747249409e-02,1.303174603171648183e-01,2.189931972784149861e-01,2.238390022670661283e-01,9.004081632632643384e-02,6.704988662116315168e-02,1.129274376414672876e-01,7.379365079348346179e-02
8.621513639574553828e-03,4.273527556343659217e-02,1.230190590888517559e-02,1.282306780600025731e-01,1.032172965532568570e-01,2.347986083231849985e-01,7.893129552098079871e-02,8.963028808468122277e-02,2.340043203149270723e-01,6.752881803059225529e-02
1.660622653663403059e-02,5.821319353426751553e-02,3.154317628153829878e-02,1.333491606873823121e-01,1.268682756883849350e-01,2.045491147787666664e-01,1.014190935275833816e-01,7.796036312204374097e-02,1.609044916364184286e-01,8.858690420651801900e-02
4.157641264786596236e-02,7.017476955253963700e-02,5.715313037976731819e-02,1.231558761357589432e-01,1.699721066048835438e-01,1.485693739238722055e-01,9.846041534997661271e-02,7.217306979878383710e-02,9.944866961570371366e-02,1.193161759897586327e-01
3.449180015251955556e-02,6.547648658501488417e-02,4.886329718430912350e-02,1.228785278412151405e-01,1.660002736044444149e-01,1.598058236326403980e-01,9.974339203385676478e-02,7.118072828566894550e-02,1.180023546577890214e-01,1.135573160215053723e-01
2.343641417650241948e-02,5.511543510151528658e-02,4.359701953515419948e-02,1.422453864565893789e-01,1.856655856689886364e-01,1.883418268858820521e-01,1.040587599412771125e-01,6.417226468996055366e-02,9.921550459420153123e-02,9.415180294954283990e-02
8.717814274354898987e-03,2.839677835769123179e-02,2.224087981222936175e-02,1.017963276992145116e-01,1.935009640362998773e-01,2.326199570572726749e-01,7.275243332191946855e-02,4.554701214903730117e-02,2.551462316268657826e-01,3.928160166179631846e-02
3.575882369997029214e-02,6.671736554853427426e-02,5.081703611323163533e-02,1.253583562389964934e-01,1.676758107254261720e-01,1.588872884367248106e-01,1.000830301603566064e-01,7.259070212573044689e-02,1.052377745337955972e-01,1.168738124161595449e-01
2.150725041814342126e-02,5.348577802528244746e-02,4.408812046818120362e-02,1.305772448401381902e-01,2.454196876725779353e-01,2.095719464569884838e-01,9.182933630722371621e-02,6.058282208546721115e-02,6.876742888964886002e-02,7.417038482937694799e-02
4.946976744163036899e-02,7.666046511592250479e-02,1.046511627902109269e-02,6.303720930203238204e-02,4.033488372074262723e-02,1.098558139529774158e-01,4.441860465095619215e-02,9.690697674373531523e-02,3.475441860448951203e-01,1.613069767434357760e-01
1.781492661205277828e-02,6.031227234099324763e-02,3.189655613353764574e-02,1.418515522644683002e-01,1.434883953734836237e-01,2.125148606297463660e-01,1.176627216124437186e-01,6.548855758909140345e-02,1.108164925040966142e-01,9.815366494001323550e-02
1.560904120398489206e-02,5.989778855004043723e-02,2.723409052476289186e-02,1.340281457264212717e-01,1.274464047497783359e-01,2.116656332787660855e-01,1.107772955300863338e-01,7.951261672582173035e-02,1.394517407887043425e-01,9.437724292125797276e-02
1.488147722189324569e-02,5.755031627368376035e-02,2.339339339337844631e-02,1.263491150724385947e-01,1.225602197941840360e-01,2.220235128744348363e-01,9.931314293010075345e-02,8.265286563153623201e-02,1.639332949970200293e-01,8.734266181069111346e-02
5.091193912898706216e-03,2.510163738740534348e-02,1.175823356074224939e-02,1.015627913906459873e-01,1.858752004756827891e-01,2.783465741647239700e-01,6.716459662016370513e-02,6.196150833555293808e-02,2.220916787864860575e-01,4.104658535637381589e-02
8.932872093502335770e-03,3.205661527672010874e-02,2.088042010091288939e-02,1.102529296246298890e-01,1.793075339944984470e-01,2.680804766884102297e-01,8.047332095997900003e-02,5.676011600588531936e-02,1.981433638387160301e-01,4.511235141337736898e-02
7.489283527227528353e-03,3.171157379047240960e-02,1.772198407832908246e-02,1.033894672378953133e-01,1.724617268825092975e-01,2.620085731773973969e-01,7.735150030594808990e-02,5.516227801575271372e-02,2.264084507035321048e-01,4.629516227787416893e-02
8.593173084142586085e-03,3.214829327094522599e-02,2.020043704311596383e-02,1.039650365455385000e-01,1.878501996829542442e-01,2.353281591432888897e-01,7.662120412907355571e-02,5.205937759007743526e-02,2.378358827511481144e-01,4.539823675670138364e-02
3.418106465466231279e-03,2.273829930570251887e-02,4.289438650175184109e-03,1.002813836681659271e-01,9.111029275296723962e-02,2.994734011692659070e-01,5.055261092769274683e-02,7.006862517296215398e-02,3.186481893094962325e-01,3.941965257774058401e-02
2.490324936107500206e-02,6.023320554945685995e-02,2.564987221613142243e-02,1.060179353778509387e-01,1.010978002920543267e-01,1.614152062796272713e-01,9.051980649870150497e-02,8.758032128512056869e-02,2.140564530850186942e-01,1.285261500547351665e-01
8.372474057889784521e-03,4.283004816045806601e-02,1.590089866441192143e-02,1.279099846084782444e-01,1.345181470631710285e-01,2.536947023483804853e-01,9.426518047760928942e-02,7.882404051435409897e-02,1.794764410902687513e-01,6.420808301473010515e-02
1.517170652817940654e-02,5.833711334679346494e-02,2.635819877890110269e-02,1.237064605829714808e-01,1.293032284600797999e-01,2.162341485950799169e-01,1.035930320027165508e-01,8.205258961437937593e-02,1.608468545119826343e-01,8.439666757750756421e-02
1.341259498602595003e-02,5.152751248125341660e-02,2.419652367432476373e-02,1.181337808163620967e-01,1.250602495669096703e-01,2.232060505438479836e-01,9.631153637869409312e-02,7.711349530785727158e-02,1.946492433841592040e-01,7.638901285907791217e-02
1.082016593561800112e-02,3.992936285642996463e-02,2.244329358155794721e-02,1.128579565136593604e-01,1.502448519436220264e-01,2.148898753424479113e-01,8.243935950947048341e-02,6.303176029161597360e-02,2.451279160571128435e-01,5.821545796699751502e-02
9.734648818592305311e-03,4.222586350389237464e-02,2.157314930407943157e-02,1.270431636378614726e-01,1.793244555414248986e-01,2.389099852033353677e-01,9.366185786272127056e-02,6.825091321024030766e-02,1.566733712486754471e-01,6.260259166773217421e-02
1.566012396693891237e-02,5.305413223139399115e-02,3.182954545453887951e-02,1.354237603305505355e-01,1.789409090908721245e-01,2.156847107437570854e-01,1.023609504132019926e-01,6.436074380163958608e-02,1.252770661156765997e-01,7.740805785122367721e-02
1.798053427210230190e-02,5.604576516876039194e-02,3.179457444604849581e-02,1.233789604472720208e-01,1.561946572789073839e-01,1.926324290743026135e-01,9.855021743630180964e-02,6.530358252224781335e-02,1.759374611720488646e-01,8.218181818180116116e-02
1.242458152827202603e-03,1.060752110362704094e-02,1.753044745727952956e-03,9.083855615095548508e-02,3.841248502709020129e-02,2.586673536040646759e-01,4.271415398970249133e-02,6.523813217019761024e-02,4.744799033854216752e-01,1.604639167007795159e-02
4.362379280068683085e-03,3.007558179308644428e-02,1.086835684069713086e-02,1.399553036953767593e-01,1.250605737545590623e-01,2.858087095081248141e-01,8.852141602906667128e-02,8.737158364020923551e-02,1.872840723805816177e-01,4.069202307787337519e-02
4.862222222218620486e-03,2.408370370368586449e-02,9.705185185177996054e-03,1.095133333332522080e-01,1.299585185184222447e-01,2.569059259257356342e-01,6.525037037032203890e-02,6.616740740735839454e-02,2.976362962960757974e-01,3.591703703701042832e-02
9.099858707304371921e-03,3.249220850085697554e-02,2.633552158397559767e-02,1.207924630312078584e-01,2.475426810905163311e-01,2.754339520611106540e-01,8.822884308309625334e-02,4.911577325820280088e-02,1.063061408738399105e-01,4.465255780478837727e-02
4.425989242026182047e-03,2.160905127740707019e-02,9.563041408088085449e-03,8.338992239057939349e-02,1.068564368269817044e-01,1.691136266329484328e-01,5.193958769133113357e-02,4.593437730406282893e-02,4.753477216327143262e-01,3.182024559350142556e-02
2.860183294964868585e-03,1.563979498761541506e-02,5.273711795449017789e-03,6.801785171347927983e-02,7.861486339744364060e-02,1.683790846833715660e-01,4.014825753954735787e-02,4.180710593752558907e-02,5.544357816094940272e-01,2.482336504074736383e-02
5.709631651848755263e-03,3.243386812623873933e-02,5.573467905698380361e-03,1.271979518282390365e-01,1.015436934331664931e-01,2.625627866161701629e-01,6.450589370483714169e-02,9.467372812970914486e-02,2.509804630238728351e-01,5.481851557979917910e-02
1.137566137564367287e-02,3.861188920006440595e-02,2.882819794580014292e-02,1.195720510424532063e-01,2.285465297226446368e-01,2.310582010578415002e-01,8.389200124481187293e-02,4.899782135068627559e-02,1.569281045749191805e-01,5.218954248357891151e-02
1.709004790289765999e-03,1.447166441685737714e-02,4.528974686718095430e-03,1.371033974029185754e-01,1.430815543954262747e-01,3.501503685296921686e-01,8.995308262948942257e-02,4.198372973681700759e-02,1.910251490245491179e-01,2.599307438686896538e-02
1.232953382020863381e-02,4.409118831476070699e-02,2.120128318884635654e-02,1.274848133232356351e-01,1.412319978157523526e-01,2.290075762745007182e-01,8.766227561252633305e-02,7.363661183531933219e-02,1.898648556411235699e-01,7.348986417304383123e-02
6.618055952939232156e-02,9.752588634215841878e-02,5.111351254588852172e-02,8.886604835831038440e-02,8.758181874201710626e-02,1.043751109623893003e-01,8.763060552835442996e-02,9.817332001046966128e-02,1.463702630964473228e-01,1.721828748842058054e-01
1.140499114989146703e-02,3.901863098140809921e-02,1.898765563963033046e-02,1.095333099364189794e-01,1.609821319578542964e-01,2.432098388669555467e-01,8.114242553703199246e-02,6.101417541498087294e-02,2.166748046872933597e-01,5.803203582758137413e-02
2.307070412064417611e-02,6.798713625742963673e-02,2.025747398045744940e-02,1.087369238530089266e-01,7.511118043754810847e-02,1.653165489592073878e-01,8.981062818606030951e-02,9.494981945623838515e-02,2.310952766567391237e-01,1.236643080926001226e-01
1.776771653536311779e-02,5.339763779506535857e-02,3.892519685024044968e-02,1.271653543302080080e-01,1.978897637787484509e-01,2.201535433062198621e-01,1.037047244090405357e-01,6.654724409422618780e-02,1.032401574799085009e-01,7.120866141704249030e-02
2.386238882912172093e-02,5.625454859406027464e-02,4.528241374603558106e-02,1.297104935294026706e-01,2.368969643128884250e-01,1.928233973516829680e-01,9.411118923328207209e-02,6.369882445778472790e-02,7.307972221149218461e-02,8.428005772808175311e-02
1.677297424967677877e-02,3.995590203890139747e-02,2.626978502202898316e-02,1.052523820756712802e-01,2.332467123358808181e-01,2.461453657729562039e-01,7.225765808217564368e-02,4.998818804551558026e-02,1.478699110142866480e-01,6.224112134715739653e-02
1.807629048554408591e-02,4.190915991836555859e-02,3.064903846105375418e-02,1.137873228726943992e-01,2.247121710490778135e-01,2.447811234779102285e-01,7.795103744815994051e-02,5.245761639593152920e-02,1.286532135607184046e-01,6.702302631472951966e-02
6.446102430921683314e-03,3.118108476306399868e-02,7.610477244663666971e-03,1.122333858401207834e-01,1.176524117671475661e-01,2.472492443270002671e-01,5.859657712117449097e-02,8.225712035416457568e-02,2.850749286898733859e-01,5.169866746133738172e-02
9.927161654124924683e-03,3.928907089147328641e-02,2.333785076528164387e-02,1.363327403328322973e-01,2.226457606066407913e-01,2.531226923332468570e-01,9.530452806112452158e-02,5.924094555579177690e-02,9.825309646874763603e-02,6.254615332968734009e-02
5.078241430681526732e-03,2.248882265267328900e-02,1.520119225031594211e-02,9.630029806223434907e-02,1.453055141574317866e-01,2.966542473908470590e-01,7.915424739165739798e-02,4.724292101323680076e-02,2.622093889707071135e-01,3.036512667648895089e-02
3.285763953813310590e-03,1.575501355646395651e-02,5.586200448763853701e-03,8.188589776548992061e-02,9.407101661832766026e-02,2.366590021969966207e-01,4.697251016733512696e-02,4.796295051886804994e-02,4.416147829794573321e-01,2.620686179411907749e-02
1.795459566512387292e-02,5.505538050294878083e-02,3.019800351286607704e-02,1.327761073357561217e-01,1.504447518961688490e-01,2.082914852377089621e-01,1.017351356347552527e-01,7.366570513969794565e-02,1.382029109037949122e-01,9.167592417039577279e-02
1.825365726215873868e-02,5.001306165066605330e-02,3.947884012513401542e-02,1.326084117023732523e-01,2.583333333316462088e-01,2.175679205837410535e-01,9.267894461799451589e-02,5.833333333295236817e-02,6.408045976969643787e-02,6.865203761710650388e-02
1.119219924829328860e-02,4.713092421996928350e-02,1.163302407717653822e-02,1.245460239598572133e-01,1.111052032790311450e-01,2.321133157379622336e-01,8.298555685901827517e-02,9.012548612341129972e-02,2.052377079069021837e-01,8.393055858800152480e-02
7.737807301346957996e-03,3.358438963558065676e-02,1.811521622767683914e-02,1.380831133127656818e-01,2.359950711975946080e-01,2.716747814983947462e-01,8.711265069974749586e-02,5.694917961718887894e-02,9.719569702416981649e-02,5.355209348489021332e-02
1.565105614229536993e-02,5.220102653646191415e-02,2.078449380089603810e-02,1.246023606109204068e-01,1.298453095922365574e-01,2.047944812334582254e-01,9.190152439757749703e-02,8.001841300719603201e-02,1.864139497787922761e-01,9.378738489978816206e-02
3.419948803728029355e-03,2.097272911596068101e-02,9.698303173147225856e-03,9.837540551492614249e-02,1.236844523011996905e-01,3.122639775950487029e-01,7.700112150237210795e-02,4.973578163013092635e-02,2.748861073091902196e-01,2.996217305350425131e-02
8.691426053978607014e-02,8.779302998284932436e-02,5.026934166870562076e-02,7.671167737721885926e-02,1.144871086617891692e-01,1.030094939730797909e-01,7.080737233934297770e-02,8.955756172926544745e-02,1.464910992539865398e-01,1.739590544716451970e-01
6.555962505391048356e-02,7.579613880392453706e-02,5.614873673067136833e-02,9.390402880319136114e-02,1.412936867580774913e-01,1.255571419695477309e-01,7.969458066869640478e-02,8.394686200208612004e-02,1.259482276980200544e-01,1.521509715056666989e-01
1.703020264397554079e-02,5.511032149945003372e-02,3.072244289967229064e-02,1.286415016756448648e-01,1.433810979392849960e-01,1.997046068146027531e-01,9.983048349046921843e-02,7.373289318513207014e-02,1.626039597813715987e-01,8.924249006942686080e-02
1.001050901347756185e-02,3.734068066063669228e-02,2.075979269394348514e-02,1.183970610687792580e-01,2.201413776683010803e-01,2.300104191923553476e-01,7.598825146166009181e-02,6.294405073054946953e-02,1.627864155278246627e-01,6.162144198022683622e-02
2.104783188743126338e-02,5.650658905751137356e-02,4.219136132556761815e-02,1.305764933032510233e-01,2.271409512323753765e-01,2.015390417849195204e-01,9.775786267909369887e-02,6.496174912569049886e-02,7.504376755585616399e-02,8.323435204267415344e-02
2.057925272208359010e-02,5.458392065527953307e-02,3.796270760551627432e-02,1.357033053459892336e-01,1.886120814689835057e-01,1.997239586522750743e-01,1.009849134847845414e-01,6.816765745328470794e-02,1.016079855364272339e-01,9.207421707409951805e-02
2.002601775326494013e-02,5.533236404441468914e-02,3.320834608709161140e-02,1.307022242626636188e-01,1.918005815730642327e-01,2.005024997446682722e-01,9.813539434739039502e-02,6.984746454434516416e-02,1.073512906844871079e-01,9.309381695733459638e-02
1.529059112227387600e-02,4.582647366398773930e-02,3.227668540775908979e-02,1.401456320730436467e-01,2.202950434356585052e-01,2.154479752324321984e-01,9.397229211307067676e-02,6.174867207148843073e-02,9.866663560388559684e-02,7.632999927510596139e-02
8.924485125846520067e-03,3.232265446220053406e-02,1.993317037650830376e-02,1.317674745161590277e-01,2.523091325147541197e-01,2.565672456830448422e-01,8.189749323891994115e-02,5.470537757429957959e-02,1.056246099436945751e-01,5.594835656327237783e-02
3.925479246322499671e-02,6.060677162732228118e-02,5.073441422809817775e-02,1.108543138030523012e-01,1.977345784732294498e-01,1.596060442516271660e-01,8.664562753650574545e-02,7.419812759523804202e-02,9.923977568631807411e-02,1.211255543295177844e-01
9.001748842993324840e-03,3.790775440962066561e-02,1.420306472527098005e-02,1.254710753665877199e-01,1.695925575607457880e-01,2.449349564235184518e-01,8.178291559433290003e-02,7.020040257748344503e-02,1.813848593962128219e-01,6.552066510287229972e-02
4.347018691176399857e-02,7.550765007407446439e-02,6.053045900399232904e-02,1.244600540945100392e-01,1.833353518212156585e-01,1.441120665282458468e-01,8.897501110097312538e-02,7.764724879837191229e-02,9.317346897506621761e-02,1.087885026837124985e-01
5.082872928134247320e-02,8.354260840378752162e-02,5.696467436751243701e-02,1.029800770123641407e-01,1.658044533721262093e-01,1.393520843785421848e-01,8.004352921412989652e-02,8.165076176057550761e-02,1.184748032804413681e-01,1.203582789208073184e-01
4.066582743569113062e-02,7.678109689646178682e-02,5.366256124069761907e-02,1.057685764824972119e-01,1.762469379407981263e-01,1.297802123015635301e-01,7.622822536679854655e-02,7.468869079958247170e-02,1.615320495359151287e-01,1.046458219914887938e-01
1.092819796428710355e-01,9.820470114839448261e-02,5.756995683984557355e-02,6.334930697385342258e-02,7.030131204594312899e-02,7.067592074769861454e-02,6.960092347524751699e-02,1.011145944039860273e-01,1.499296941101365410e-01,2.099716106112607117e-01
3.897590243572014723e-02,7.414674842084657824e-02,5.637979767792896529e-02,1.277496429034963021e-01,1.629231571064133355e-01,1.511625424913414228e-01,1.010712005023184923e-01,7.278560158526417578e-02,9.754114836534348576e-02,1.172642585111491886e-01
6.131116406118700818e-02,7.299780365703850693e-02,6.069362478044908887e-02,9.947043093697328919e-02,1.599834546070179053e-01,1.227504966523384894e-01,8.110155025615586877e-02,7.887607850859092162e-02,1.208570979142269547e-01,1.419582986201960995e-01
5.150773870974111740e-02,8.571489633127195307e-02,4.013092568600624271e-02,7.638427664266669859e-02,6.955742164292251506e-02,9.113670588075573065e-02,7.960645575636840499e-02,8.466604415038334053e-02,2.786697222567754983e-01,1.426258129425604648e-01
2.087791917090445204e-02,5.382551826352563462e-02,3.966057095493859264e-02,1.298467742277202297e-01,2.210261470569694353e-01,2.147766543210035406e-01,9.585260936591814829e-02,6.028218830481914953e-02,8.092516413978503853e-02,8.292645419227991088e-02
1.659571448841797373e-02,5.337428287614448541e-02,2.993979200872717850e-02,1.268929027548431065e-01,1.769364876642776641e-01,2.076476312106391164e-01,9.758458513237894261e-02,6.980883455972165808e-02,1.375752599889136507e-01,8.364450931492262153e-02
1.031246746679140847e-01,8.383051502843062719e-02,4.111125983429788494e-02,3.850443938783235792e-02,3.856630824370465421e-02,4.333794375285573292e-02,4.786269873136253516e-02,8.560389059915489429e-02,3.344088995967611777e-01,1.836493701570911796e-01
1.016499353053426369e-01,7.933728937070490261e-02,3.373815791428561722e-02,3.310697660581917584e-02,3.330924017309400131e-02,3.684290367195416915e-02,3.915168280311179250e-02,7.858891417178805183e-02,3.906637516914941433e-01,1.736111482918106519e-01
2.873690010303565912e-02,8.035583975661841905e-02,4.016038358100224026e-02,1.212561419465728318e-01,1.237474275381824640e-01,1.705716040958335233e-01,1.109006755433017549e-01,8.791115546087323318e-02,1.188304760481118660e-01,1.175293959253366355e-01
8.062363883772140014e-03,3.693465432655729241e-02,2.240996148384212516e-02,1.437605639371366539e-01,2.250379725147997889e-01,2.522502627598973701e-01,9.205871984026074706e-02,5.822323225999408158e-02,1.091787228714709290e-01,5.208354612218648455e-02
2.163378906249577294e-02,6.553789062498720230e-02,2.568828124999497989e-02,1.159359374999773540e-01,1.156019531249774107e-01,1.853144531249638072e-01,1.018015624999801111e-01,7.978613281248440880e-02,1.784947265624651225e-01,1.102052734374784765e-01
1.042119261099122736e-02,3.293241695292711130e-02,2.230056220450586310e-02,1.042283840893989955e-01,2.108629247797564610e-01,2.581170754820275026e-01,7.163500151389831649e-02,4.959776698117997901e-02,1.943917789094468940e-01,4.551289647257602405e-02
2.269140624999556669e-02,6.857460937498660591e-02,2.584589843749494908e-02,1.176197265624770172e-01,1.134203124999778461e-01,1.870656249999634591e-01,1.041398437499796575e-01,8.346230468748369602e-02,1.618101562499683899e-01,1.153701171874774584e-01
2.159350565889251936e-02,6.114998750400853916e-02,3.252919754784274614e-02,1.262583927854956378e-01,1.399334877654687670e-01,1.880740014238873603e-01,1.033033237215633254e-01,7.207964141777011002e-02,1.539178320833647640e-01,1.011606300915749296e-01
1.483299250168036709e-02,4.484702674518650095e-02,2.479810738197233549e-02,1.265936885999814077e-01,2.026352299607800944e-01,2.242800433053060982e-01,9.558041621541267518e-02,6.594971731013120342e-02,1.194707085286186715e-01,8.101206944932673459e-02
1.184863457207547752e-02,3.424382237282280750e-02,2.440179907291746900e-02,1.175571609123164940e-01,2.050044548906679587e-01,2.542863998211100651e-01,7.275455919492133938e-02,6.071489156190049835e-02,1.684590661995753469e-01,5.072921140016424524e-02
2.068288219639525388e-02,3.933954476443765613e-02,3.104182180812121300e-02,9.884621656880147877e-02,1.665411103221446365e-01,1.530483132154270842e-01,6.935815452376814516e-02,5.301472328535258155e-02,2.990329996709018556e-01,6.909423364446969085e-02
1.961421009184020556e-02,4.123118819596436474e-02,2.808782016867338721e-02,1.219199008248976202e-01,1.878353581097514102e-01,2.241860846047312728e-01,8.529605320123843926e-02,7.083488474792203060e-02,1.419340511692358808e-01,7.906044888556493233e-02
3.247823827087101961e-02,5.072939836756289178e-02,4.615940173288342330e-02,1.231905821108635474e-01,1.830847778955751737e-01,1.753952686199429234e-01,8.862142121954874607e-02,7.144555444866380889e-02,1.261422756978510251e-01,1.027530816360139321e-01
5.180082508844417732e-02,8.254129305059138000e-02,4.940822307259197521e-02,1.026220507722707953e-01,1.107596273195670805e-01,1.342537893809430671e-01,9.658814076974867047e-02,8.896328304858108771e-02,1.310082869370957637e-01,1.520544805599085281e-01
5.042230719640616171e-02,7.259190889197006391e-02,5.541271097043030947e-02,1.032412290982335917e-01,1.256605035942348902e-01,1.241356071260376753e-01,8.908679578835004831e-02,7.700910298479436700e-02,1.695662896545300224e-01,1.328735446944024068e-01
5.289628268805551120e-02,8.253263542604964698e-02,5.141436379952363245e-02,1.024885221149349906e-01,1.151093355624426551e-01,1.309062102080555401e-01,9.524012027070019593e-02,8.692371621027011885e-02,1.308199438174413587e-01,1.516688699021214171e-01
4.286909453777954654e-02,7.252534212283411053e-02,4.489612837543472540e-02,1.056674965644563008e-01,1.189028549156767173e-01,1.426567482116398722e-01,9.050220578103113089e-02,8.152553363771380956e-02,1.688509443027114976e-01,1.316036515503863635e-01
5.867448186080999328e-02,8.257251831642058171e-02,5.352054167469700446e-02,9.399367358221367985e-02,1.051065780456287013e-01,1.132441346354460532e-01,9.008133587692390698e-02,8.444120612053650221e-02,1.656371795447924011e-01,1.527283503422005029e-01
5.177227246663903409e-02,8.027474153392874512e-02,5.083874308751279436e-02,1.042718563316760716e-01,1.223450590911047409e-01,1.373957350791870646e-01,9.419075625585170142e-02,8.568819471412192357e-02,1.259353788676848551e-01,1.472872625718307793e-01
5.323592151293742025e-02,7.909661989720857822e-02,5.281471786511808542e-02,9.782247509507305261e-02,1.117726796312577819e-01,1.207490643476652886e-01,9.105345368150409568e-02,8.204429193704625145e-02,1.670049858756752492e-01,1.444057901561375534e-01
4.702180699518898610e-02,6.954200006058415540e-02,4.619211068676967041e-02,8.357485451896388973e-02,9.678511623320870672e-02,1.031361762744253119e-01,7.864308662177278697e-02,7.125727404979349811e-02,2.767690716492597347e-01,1.270785029095597707e-01
5.534768783365431183e-02,7.729160393912926086e-02,5.227755909846247551e-02,8.890246454821103261e-02,1.036821349626096678e-01,1.059476687399914796e-01,8.419055819517179406e-02,7.852764171516030123e-02,2.119279251822102916e-01,1.419047557849404950e-01
4.530106074276177286e-02,7.427186083708631203e-02,4.878731056332132748e-02,1.040485357750420281e-01,1.240563413858471048e-01,1.380654261427279594e-01,9.276724924632509528e-02,7.872355833313722517e-02,1.588409757397518385e-01,1.351376812336790023e-01
6.492949798279459839e-02,8.213749326439043208e-02,6.234227968195282105e-02,9.471817664160038508e-02,1.102886194240666751e-01,1.069861263443363381e-01,8.742657764897687755e-02,8.376549178161141196e-02,1.556885045214820018e-01,1.517172327081515171e-01
7.183908045971899858e-02,8.622255241862776531e-02,6.266189589697965245e-02,8.857093246337340020e-02,1.002651534558901131e-01,9.878852054896672397e-02,8.549811275633956154e-02,8.785716725583404829e-02,1.558584254181853979e-01,1.624381593253727274e-01
5.106770244840732470e-02,8.033722571880842767e-02,4.932278533406833643e-02,1.044091949496397803e-01,1.157045896437908783e-01,1.384424901720421597e-01,9.462714317994584678e-02,8.757811433721465755e-02,1.305205832536815436e-01,1.479901709621214145e-01
6.163348217549859814e-02,8.185467144908752102e-02,6.129309713780024815e-02,9.872264109502798535e-02,1.193275260473127125e-01,1.143266720346763771e-01,9.031976673249254850e-02,8.338457409164569401e-02,1.395139448062980292e-01,1.496236244295502948e-01
5.422801922520544687e-02,7.675735806115793758e-02,5.327588695843028799e-02,9.625855539136217442e-02,1.101153173349403575e-01,1.165150897572823641e-01,8.938091234861640644e-02,7.953011158096849609e-02,1.820805947588818585e-01,1.418581545829423196e-01
4.618760186698489534e-02,6.590448100494110395e-02,4.994177861827925335e-02,9.326853040409834039e-02,1.125971309025242673e-01,1.145487312147795284e-01,8.038061922069890397e-02,6.984075268076807286e-02,2.472134577130481459e-01,1.201169163734693013e-01
5.555162265087241341e-02,7.139926192484782885e-02,5.473095654792262121e-02,8.728360830885933952e-02,1.065135455790176128e-01,1.020968936607462713e-01,7.884621687342022178e-02,7.336047037534766668e-02,2.379656395229137744e-01,1.322517845553967675e-01
4.874524578397964464e-02,7.844384642982474287e-02,4.789845712233660457e-02,1.051288123429834631e-01,1.155044851093952329e-01,1.401937567276138608e-01,9.385719411550275115e-02,8.666236096157638180e-02,1.389289558664733026e-01,1.446368855399552955e-01
5.459528959665244791e-02,7.764626927804876844e-02,5.745179079638107478e-02,1.003544688154776737e-01,1.220001812399960084e-01,1.204799972681864090e-01,9.105606491015413861e-02,8.106093737887380690e-02,1.527433574854431819e-01,1.426116432301298420e-01
5.360044234611305997e-02,8.176555654796403838e-02,5.272936072474470465e-02,1.023406065245619917e-01,1.138156607544920235e-01,1.298826081408150090e-01,9.359363702092911297e-02,8.650589085956085500e-02,1.365905320913033960e-01,1.491757049890905795e-01
5.472595568310337222e-02,7.524687666084192705e-02,5.448085302962285548e-02,9.018763929575158989e-02,1.044807082126750775e-01,1.057188929614245043e-01,8.469364702608128681e-02,7.744628378033102667e-02,2.147092003642816771e-01,1.383099429855247364e-01
5.843587855112981899e-02,8.688607343530471705e-02,5.306311599537696239e-02,9.800564377980239272e-02,1.086824835940994188e-01,1.247730488823641237e-01,9.578206072438337493e-02,9.022930958859566586e-02,1.233261062056242030e-01,1.608162792429056465e-01
8.234147242038142300e-02,8.945839498948968127e-02,6.880344510237347555e-02,9.124584257587474434e-02,1.034775506093102010e-01,9.845996984549455766e-02,8.527649492431650657e-02,9.092415795547680035e-02,1.193114270768103752e-01,1.707012444997729195e-01
6.331792593712673445e-02,8.534963423216967993e-02,5.820120228203973234e-02,9.302018116315856344e-02,1.042122495113739361e-01,1.095369572286461063e-01,9.137959340888192339e-02,8.778545516538964477e-02,1.483060546646254030e-01,1.588907464061937169e-01
6.579581577583137886e-02,8.514785244323015700e-02,5.937938936938738643e-02,9.300214386039291903e-02,1.049164633695184035e-01,1.077090263916213181e-01,8.909329489166516181e-02,8.651918385448122140e-02,1.495612478745658447e-01,1.588755821689366299e-01
4.870251696365093114e-02,7.040779358565643631e-02,5.401111626606304450e-02,9.927422649156518453e-02,1.232299277830298523e-01,1.216532442158440863e-01,8.626427656467533511e-02,7.446826208063338226e-02,1.945988883733013042e-01,1.273897476751184588e-01
5.923473689427463662e-02,8.376543669091666977e-02,5.659748053361565723e-02,9.961749243657962161e-02,1.166257501363161253e-01,1.197750830728811638e-01,9.238828547333458041e-02,8.578026583340414568e-02,1.322149481723130238e-01,1.540005207557444411e-01
5.823898331869969969e-02,7.133274184970719856e-02,5.344949280878073111e-02,8.094225491741938172e-02,9.221396859146135938e-02,9.146458641643044618e-02,7.475682121866211727e-02,7.343047313894891792e-02,2.701682136236376874e-01,1.340024641158035767e-01
6.651426491504226768e-02,7.615294634119365580e-02,5.711036832040133904e-02,7.816042611357601477e-02,8.844372388186262646e-02,8.522550457893963982e-02,7.362796745793764863e-02,7.734632012975867221e-02,2.528361729792855672e-01,1.445823052813079435e-01
6.267651318986060260e-02,8.012929853303199512e-02,5.996834646633877886e-02,9.578898949163097698e-02,1.148132665215543108e-01,1.117038381306856842e-01,8.736738791231568602e-02,8.244039796203642134e-02,1.561012745299812932e-01,1.490106872618651712e-01
7.090161649939318023e-02,8.660883500551379288e-02,6.035883500553208131e-02,8.805114269782048086e-02,1.006410256409555198e-01,1.013761148271311446e-01,8.565217391298379779e-02,8.780030657741931532e-02,1.551205406910847739e-01,1.634894091414691442e-01
6.531202744189457121e-02,8.776969678451833345e-02,5.460780270445800277e-02,9.321618438917467220e-02,1.051114646090664656e-01,1.155702046287450796e-01,8.967829500495345940e-02,9.040674817483371206e-02,1.338942750053883357e-01,1.644333012566037699e-01
6.107854537972919051e-02,7.846904145996849711e-02,5.721258434785849584e-02,9.110362231131345634e-02,1.065053674126039407e-01,1.062304704495233010e-01,8.458559777231230981e-02,8.056379587216280780e-02,1.878550917245382923e-01,1.463958832695942680e-01
6.059340461186571436e-02,8.209453248191427022e-02,5.794785987537834360e-02,1.004449606482510776e-01,1.165679338410001292e-01,1.214952940593592573e-01,9.018143151102317456e-02,8.426585912581044391e-02,1.350376899523505758e-01,1.513710338926051446e-01
6.911874147267409174e-02,8.238180634222869170e-02,5.765907305575886793e-02,8.212624550376181054e-02,9.123883697851861707e-02,9.247400463056279496e-02,8.075980898827864185e-02,8.406452846568300552e-02,2.036690680943782639e-01,1.565078864678969006e-01
6.529344668407448260e-02,7.784223564840057896e-02,5.889518615546623925e-02,8.467090841033998727e-02,9.741663547728758588e-02,9.466930438958574834e-02,7.943467179946225865e-02,7.967616603389859886e-02,2.155607834748297369e-01,1.465406619257636489e-01
6.066571939410565772e-02,7.936738669066371876e-02,5.973358868503261809e-02,9.735178576615632906e-02,1.179258910660277854e-01,1.124616609006088702e-01,8.862055557166659270e-02,8.188441215799985295e-02,1.554505116724589908e-01,1.465384880948254476e-01
8.359678449685070678e-02,8.764530613947565940e-02,6.593506511665764291e-02,8.244272851464549967e-02,8.993010384161929938e-02,8.725246082028054184e-02,7.855624099477462319e-02,8.911293894916894054e-02,1.659940502000760154e-01,1.695343209252853367e-01
6.873446003507269197e-02,8.583059482197805123e-02,5.963506801356531495e-02,8.694048881695809472e-02,9.879360608319076587e-02,1.005736384237037873e-01,8.499165406075945284e-02,8.678979824844905433e-02,1.674701082072984348e-01,1.602405832882998482e-01
6.641209019084819143e-02,8.133060885922022143e-02,5.949098192335419005e-02,8.902353905131198120e-02,1.029294840020924529e-01,1.017181383209576906e-01,8.440575781174605718e-02,8.332540942974027420e-02,1.791198397684639898e-01,1.522441506417591961e-01
6.458875941759648076e-02,7.741000624927769913e-02,5.494165059056459882e-02,8.118699758177427839e-02,9.338064620052154152e-02,9.327487394662158093e-02,7.754610311725447513e-02,7.925204460676028850e-02,2.312477438486565950e-01,1.471711744407299127e-01
6.412441137442215222e-02,7.935821387374179803e-02,5.884575192302834989e-02,8.866511000680298016e-02,1.034219415319747176e-01,1.008918273191082710e-01,8.281354337396105991e-02,8.076202617265440531e-02,1.926371941964596657e-01,1.484799802273046032e-01
5.966045749836850626e-02,7.690316647336475908e-02,5.626787630248022976e-02,9.231112936295236826e-02,1.102105680217445732e-01,1.086491178854825795e-01,8.456437011306727758e-02,7.942500845914118868e-02,1.885115444642896931e-01,1.434967614188678575e-01
5.606389159097578678e-02,7.267629071187722833e-02,5.299473537250223160e-02,8.903255152034186826e-02,1.119605896021851343e-01,1.104986309265842820e-01,8.011499765811889995e-02,7.569196750247936256e-02,2.149174953162070190e-01,1.360488497981652278e-01
5.599245045608636923e-02,7.171781756176645595e-02,5.180566762856574081e-02,8.203119657530508202e-02,9.547768188879041107e-02,9.762663493664398839e-02,7.653030986861437956e-02,7.450501707305043353e-02,2.607179816821779128e-01,1.335952423284293145e-01
4.893365393606414343e-02,7.019043079231888915e-02,5.077551069662810529e-02,9.039881252278171575e-02,1.107821781879090722e-01,1.094030483407791854e-01,8.204747796858660736e-02,7.285177050552525679e-02,2.352549636605752170e-01,1.293621533884547758e-01
6.483797593315321350e-02,8.240336810831709602e-02,6.020649341405619887e-02,9.126388555363711130e-02,1.033534334782459513e-01,1.034395928385988123e-01,8.669688358809450601e-02,8.433667298126709677e-02,1.693926376547703339e-01,1.540690564493037984e-01
6.504063961597415788e-02,7.857302124079759698e-02,6.001842187682822349e-02,8.930894071541477242e-02,1.062416716657381688e-01,1.003673757583756210e-01,8.167474504005341196e-02,8.085717471042500049e-02,1.901395178456090906e-01,1.477784915294567125e-01
